[gd_scene load_steps=3 format=3 uid="uid://dp045f86rh5sp"]

[ext_resource type="PackedScene" uid="uid://dktvidwy5k8rx" path="res://enemies/models/assets/coffin_enemy.glb" id="1_hc0qv"]
[ext_resource type="Material" uid="uid://brsqeuoqmmcr5" path="res://enemies/materials/coffin_enemy_mat.tres" id="2_4j50x"]

[node name="coffin_enemy" instance=ExtResource("1_hc0qv")]
transform = Transform3D(0.5, 0, 0, 0, 0.5, 0, 0, 0, 0.5, 0, 0, 0)

[node name="Skeleton3D" parent="Armature" index="0"]
bones/1/rotation = Quaternion(0.495699, -0.113927, 0.858465, 0.0658884)
bones/1/scale = Vector3(1.00001, 1, 1)
bones/2/rotation = Quaternion(-6.08537e-05, -0.431664, 0.902035, 3.08696e-05)
bones/3/rotation = Quaternion(3.889e-05, -0.449553, 0.893254, 7.62764e-05)
bones/5/rotation = Quaternion(0.698942, 0.698941, 0.107148, -0.107149)
bones/6/rotation = Quaternion(-3.93636e-06, 0.613119, 0.789991, 7.17835e-07)
bones/6/scale = Vector3(0.999994, 0.999999, 0.999999)
bones/7/rotation = Quaternion(-0.703636, 0.703639, 0.0699603, 0.0699576)
bones/7/scale = Vector3(0.999999, 0.999994, 0.999999)
bones/8/scale = Vector3(0.999994, 0.999998, 0.999999)
bones/9/rotation = Quaternion(0.99128, 6.09037e-07, -3.39782e-07, -0.131772)
bones/9/scale = Vector3(0.999994, 0.999999, 0.999999)
bones/10/rotation = Quaternion(-0.495639, -0.114117, 0.858474, -0.065886)
bones/10/scale = Vector3(0.999991, 0.999999, 0.999997)
bones/11/rotation = Quaternion(-4.26976e-08, -0.43127, 0.902223, -1.88912e-08)
bones/12/rotation = Quaternion(6.65029e-07, -0.449191, 0.893436, -1.92143e-07)
bones/12/scale = Vector3(1, 0.999999, 1)
bones/13/scale = Vector3(1.00001, 1, 0.999999)
bones/14/rotation = Quaternion(0.697844, 0.699971, 0.100199, -0.114082)
bones/14/scale = Vector3(1, 1.00001, 1)
bones/15/rotation = Quaternion(-2.4461e-06, 0.613118, 0.789992, 1.80844e-06)
bones/16/rotation = Quaternion(-0.703637, 0.703638, 0.0699587, 0.0699577)
bones/17/rotation = Quaternion(-0.787067, 3.60329e-06, -3.26933e-06, 0.616868)
bones/18/rotation = Quaternion(0.99128, 1.32208e-07, -1.34187e-06, -0.131771)
bones/18/scale = Vector3(1.00001, 1, 1)
bones/19/rotation = Quaternion(0.998986, -1.11543e-07, -3.17344e-08, 0.0450141)
bones/20/rotation = Quaternion(-1.25612e-07, -0.367903, 0.929864, 4.12892e-08)
bones/20/scale = Vector3(1, 1, 0.999999)
bones/21/rotation = Quaternion(2.05723e-07, -0.50412, 0.863634, 7.23297e-08)
bones/21/scale = Vector3(1, 1, 0.999999)
bones/22/scale = Vector3(1, 0.999995, 0.999998)
bones/23/rotation = Quaternion(0.698941, 0.698942, 0.107147, -0.107147)
bones/23/scale = Vector3(1, 1, 0.999993)
bones/25/rotation = Quaternion(-0.703637, 0.703638, 0.0699576, 0.0699602)
bones/25/scale = Vector3(0.999998, 1, 0.999994)
bones/26/rotation = Quaternion(-0.787067, 4.03918e-09, 4.01247e-08, 0.616868)
bones/27/scale = Vector3(1, 1, 0.999993)
bones/28/rotation = Quaternion(-0.688494, 0.688494, -0.161171, 0.161171)
bones/29/rotation = Quaternion(-0.0720879, 5.84068e-09, -0.0401428, 0.99659)
bones/30/rotation = Quaternion(0.62545, 7.4696e-08, 0.348288, 0.698218)
bones/32/rotation = Quaternion(-0.230086, 0.118524, 0.858691, 0.442337)
bones/33/rotation = Quaternion(-0.707107, 0.707107, 2.66925e-08, -2.66925e-08)
bones/34/rotation = Quaternion(-0.183013, 0.183013, 0.683013, 0.683013)
bones/34/scale = Vector3(1, 1, 1)
bones/35/rotation = Quaternion(0.707107, -0.707107, -2.66926e-08, 2.66925e-08)
bones/36/rotation = Quaternion(0.707107, -0.707107, -2.66926e-08, 2.66925e-08)
bones/37/rotation = Quaternion(0.232384, -0.317358, 0.0805245, 0.915859)
bones/38/rotation = Quaternion(0.0805246, 0.915859, -0.232384, -0.317358)
bones/38/scale = Vector3(1, 1, 1)
bones/39/rotation = Quaternion(-0.273649, -0.155165, 0.0732232, 0.946403)
bones/40/rotation = Quaternion(-0.171457, 0.13671, 0.939729, -0.262339)
bones/41/rotation = Quaternion(-0.113314, 0.191369, 0.966687, 0.126708)
bones/41/scale = Vector3(1, 1, 1)
bones/42/rotation = Quaternion(0.232384, 0.317358, -0.0805246, 0.915859)
bones/45/rotation = Quaternion(-0.273649, -0.155165, 0.0732233, 0.946403)
bones/46/rotation = Quaternion(-0.171457, 0.13671, 0.939729, -0.262339)
bones/50/rotation = Quaternion(0.0867493, 0.0921489, -0.036711, 0.99128)
bones/50/scale = Vector3(1, 1, 1)
bones/51/rotation = Quaternion(0.0786021, 0.271337, -0.051912, 0.957864)
bones/53/rotation = Quaternion(-0.0853736, -0.178775, 0.876197, 0.439351)
bones/53/scale = Vector3(1, 1, 1)
bones/54/scale = Vector3(1, 1, 1)
bones/55/rotation = Quaternion(-0.168622, -0.206873, 0.843351, 0.4664)
bones/55/scale = Vector3(1, 1, 1)
bones/56/rotation = Quaternion(0.0867493, 0.0921489, -0.036711, 0.99128)
bones/56/scale = Vector3(1, 1, 1)
bones/57/rotation = Quaternion(0.0786021, 0.271337, -0.051912, 0.957864)
bones/58/rotation = Quaternion(-0.0853736, -0.178775, 0.876197, 0.439351)
bones/58/scale = Vector3(1, 1, 1)
bones/59/rotation = Quaternion(-0.168622, -0.206873, 0.843351, 0.4664)
bones/59/scale = Vector3(1, 1, 1)
bones/60/rotation = Quaternion(0.0796414, 0, 0, 0.996824)
bones/60/scale = Vector3(1, 1, 1)
bones/61/rotation = Quaternion(0.0796414, 0, 0, 0.996824)
bones/61/scale = Vector3(1, 1, 1)
bones/63/scale = Vector3(1, 1, 1)
bones/66/rotation = Quaternion(0, -0.866025, 0, 0.5)
bones/66/scale = Vector3(1, 1, 1)
bones/67/rotation = Quaternion(0, -0.866025, 0, 0.5)
bones/67/scale = Vector3(1, 1, 1)
bones/68/rotation = Quaternion(0, 0.866026, 0, 0.5)
bones/68/scale = Vector3(1, 1, 1)
bones/69/rotation = Quaternion(0, 0.866026, 0, 0.5)
bones/69/scale = Vector3(1, 1, 1)
bones/72/position = Vector3(2.07505, 2.63722, 1.86191)
bones/72/rotation = Quaternion(0.219531, -0.90662, -0.330129, -0.144437)
bones/73/rotation = Quaternion(0.707107, -0.707107, -2.66925e-08, 2.66925e-08)
bones/75/rotation = Quaternion(0.707107, -0.707107, -2.66925e-08, 2.66925e-08)
bones/79/rotation = Quaternion(-0.230086, 0.118524, 0.858691, 0.442337)
bones/80/position = Vector3(1.43128, -0.00079277, 0.825693)
bones/80/scale = Vector3(1, 1, 1)
bones/81/rotation = Quaternion(0.501454, 0.497039, 0.50154, -0.499954)
bones/81/scale = Vector3(1, 1, 1)
bones/82/scale = Vector3(1, 1, 1)
bones/83/position = Vector3(-1.431, -0.00022322, 0.826187)
bones/84/scale = Vector3(1, 1, 1)
bones/86/position = Vector3(-1.87483e-13, -0.000223219, -1.65237)
bones/86/rotation = Quaternion(-0.708169, -7.4989e-05, 7.47692e-05, 0.706043)
bones/86/scale = Vector3(1, 1, 1)
bones/88/rotation = Quaternion(-0.585697, 0.600668, 0.396329, 0.372934)
bones/88/scale = Vector3(1, 1, 1)

[node name="Cube_004" parent="Armature/Skeleton3D" index="0"]
transform = Transform3D(0.499739, 0.743387, 0.444564, 0.000433576, 0.513032, -0.85837, -0.866176, 0.429153, 0.256061, 1.24411, 0.696535, 0.717727)

[node name="Cube_004" parent="Armature/Skeleton3D/Cube_004" index="0"]
surface_material_override/0 = ExtResource("2_4j50x")

[node name="Cylinder_001" parent="Armature/Skeleton3D" index="1"]
transform = Transform3D(-0.000130951, 0.499744, 0.866174, -1, 0.000425521, -0.000396758, -0.000566781, -0.866173, 0.499744, 1.17418, 0.943837, 0.677819)

[node name="Cylinder_001" parent="Armature/Skeleton3D/Cylinder_001" index="0"]
surface_material_override/0 = ExtResource("2_4j50x")

[node name="Cube_003" parent="Armature/Skeleton3D" index="2"]
transform = Transform3D(0.499791, -0.80508, 0.319464, 0.000254416, 0.36897, 0.929441, -0.866146, -0.464446, 0.184613, 1.02645, 0.701581, 0.592184)

[node name="Cube_003" parent="Armature/Skeleton3D/Cube_003" index="0"]
surface_material_override/0 = ExtResource("2_4j50x")

[node name="Cylinder" parent="Armature/Skeleton3D" index="3"]
transform = Transform3D(-0.36134, 0.499787, 0.787177, -0.90876, 0.000266104, -0.417319, -0.20878, -0.866148, 0.45409, 0.882892, 0.479039, 0.509598)

[node name="Cylinder" parent="Armature/Skeleton3D/Cylinder" index="0"]
surface_material_override/0 = ExtResource("2_4j50x")

[node name="Cube_001" parent="Armature/Skeleton3D" index="4"]
transform = Transform3D(0.499879, 0.75783, 0.419304, 0.000188153, 0.484035, -0.875048, -0.866096, 0.437496, 0.241816, 0.823072, 0.764346, 0.474813)

[node name="Cube_001" parent="Armature/Skeleton3D/Cube_001" index="0"]
surface_material_override/0 = ExtResource("2_4j50x")

[node name="Icosphere" parent="Armature/Skeleton3D" index="5"]
transform = Transform3D(0.499883, 0.000198141, 0.866093, 0.000177673, 0.999999, -0.000330746, -0.866093, 0.000319511, 0.499883, 0.753272, 1.03488, 0.434901)

[node name="Icosphere" parent="Armature/Skeleton3D/Icosphere" index="0"]
surface_material_override/0 = ExtResource("2_4j50x")

[node name="Cube_009" parent="Armature/Skeleton3D" index="6"]
transform = Transform3D(0.500005, -0.743195, -0.444588, 7.52282e-06, 0.513374, -0.858163, 0.866022, 0.429085, 0.256694, -1.24349, 0.69702, 0.718251)

[node name="Cube_009" parent="Armature/Skeleton3D/Cube_009" index="0"]
surface_material_override/0 = ExtResource("2_4j50x")

[node name="Cylinder_004" parent="Armature/Skeleton3D" index="7"]
transform = Transform3D(-5.49853e-06, 0.482703, -0.875785, -0.999999, -5.84871e-07, 7.06315e-06, 2.30968e-06, 0.875785, 0.482703, -1.17382, 0.94429, 0.677707)

[node name="Cylinder_004" parent="Armature/Skeleton3D/Cylinder_004" index="0"]
surface_material_override/0 = ExtResource("2_4j50x")

[node name="Cube_008" parent="Armature/Skeleton3D" index="8"]
transform = Transform3D(0.499997, 0.805307, -0.318563, -4.72118e-06, 0.367848, 0.929886, 0.866027, -0.464938, 0.183926, -1.02605, 0.701828, 0.592711)

[node name="Cube_008" parent="Armature/Skeleton3D/Cube_008" index="0"]
surface_material_override/0 = ExtResource("2_4j50x")

[node name="Cylinder_003" parent="Armature/Skeleton3D" index="9"]
transform = Transform3D(0.360463, 0.500001, -0.787441, -0.909261, 1.52399e-06, -0.416228, -0.208112, 0.866025, 0.454631, -0.882994, 0.479086, 0.509795)

[node name="Cylinder_003" parent="Armature/Skeleton3D/Cylinder_003" index="0"]
surface_material_override/0 = ExtResource("2_4j50x")

[node name="Cube_006" parent="Armature/Skeleton3D" index="10"]
transform = Transform3D(0.500004, -0.757675, -0.419434, 8.17219e-06, 0.484327, -0.874887, 0.866023, 0.437444, 0.242171, -0.822845, 0.764372, 0.475387)

[node name="Cube_006" parent="Armature/Skeleton3D/Cube_006" index="0"]
surface_material_override/0 = ExtResource("2_4j50x")

[node name="Icosphere_001" parent="Armature/Skeleton3D" index="11"]
transform = Transform3D(0.499999, 1.62423e-06, -0.866026, -9.21748e-07, 1, 2.08616e-07, 0.866026, 1.3411e-07, 0.499998, -0.753273, 1.03488, 0.434902)

[node name="Icosphere_001" parent="Armature/Skeleton3D/Icosphere_001" index="0"]
surface_material_override/0 = ExtResource("2_4j50x")

[node name="Cube_014" parent="Armature/Skeleton3D" index="12"]
transform = Transform3D(-1, -3.36602e-07, -1.9233e-07, -4.21915e-08, 0.587654, -0.809109, 3.8538e-07, -0.809113, -0.587656, -0.000275542, 0.675018, -1.37487)

[node name="Cube_014" parent="Armature/Skeleton3D/Cube_014" index="0"]
surface_material_override/0 = ExtResource("2_4j50x")

[node name="Cylinder_007" parent="Armature/Skeleton3D" index="13"]
transform = Transform3D(1.0453e-06, -1, 1.59486e-07, -0.996038, -1.07649e-06, 0.0889326, -0.0889297, -2.60258e-07, -0.996037, 9.58653e-08, 0.91414, -1.27259)

[node name="Cylinder_007" parent="Armature/Skeleton3D/Cylinder_007" index="0"]
surface_material_override/0 = ExtResource("2_4j50x")

[node name="Cube_013" parent="Armature/Skeleton3D" index="14"]
transform = Transform3D(-1, -1.42871e-07, -7.88108e-08, -1.29494e-07, 0.401041, 0.916058, -9.92686e-08, 0.916057, -0.401049, -0.000275459, 0.678064, -1.09366)

[node name="Cube_013" parent="Armature/Skeleton3D/Cube_013" index="0"]
surface_material_override/0 = ExtResource("2_4j50x")

[node name="Cylinder_006" parent="Armature/Skeleton3D" index="15"]
transform = Transform3D(-1.05857e-06, -1, 3.96183e-06, -0.89371, -8.46091e-07, -0.448641, 0.448649, -4.00796e-06, -0.893709, 2.0774e-07, 0.461411, -0.920408)

[node name="Cylinder_006" parent="Armature/Skeleton3D/Cylinder_006" index="0"]
surface_material_override/0 = ExtResource("2_4j50x")

[node name="Cube_011" parent="Armature/Skeleton3D" index="16"]
transform = Transform3D(-1, 3.00207e-07, 3.80939e-07, -2.62558e-07, 0.325311, -0.945605, -4.07801e-07, -0.945608, -0.325313, -0.000275538, 0.754682, -0.901307)

[node name="Cube_011" parent="Armature/Skeleton3D/Cube_011" index="0"]
surface_material_override/0 = ExtResource("2_4j50x")

[node name="Icosphere_002" parent="Armature/Skeleton3D" index="17"]
transform = Transform3D(-1, -1.87879e-07, 4.47144e-07, -2.62557e-07, 0.984857, -0.17337, -4.07801e-07, -0.173373, -0.984857, 6.04118e-08, 1.03505, -0.86893)

[node name="Icosphere_002" parent="Armature/Skeleton3D/Icosphere_002" index="0"]
surface_material_override/0 = ExtResource("2_4j50x")

[node name="Cube_022" parent="Armature/Skeleton3D" index="18"]
transform = Transform3D(0.258741, -0.269387, 0.927623, -0.481738, 0.796387, 0.365646, -0.837246, -0.541479, 0.0762846, 2.22009, 2.37207, 1.36988)

[node name="Cube_022" parent="Armature/Skeleton3D/Cube_022" index="0"]
surface_material_override/0 = ExtResource("2_4j50x")

[node name="Icosphere_004" parent="Armature/Skeleton3D" index="19"]
transform = Transform3D(0.145921, -0.0691153, -0.986879, 0.922927, 0.368733, 0.110641, 0.356248, -0.926962, 0.117594, 2.34363, 2.1411, 0.974671)

[node name="Icosphere_004" parent="Armature/Skeleton3D/Icosphere_004" index="0"]
surface_material_override/0 = ExtResource("2_4j50x")

[node name="Cube_021" parent="Armature/Skeleton3D" index="20"]
transform = Transform3D(-0.94767, 0.0742672, 0.310494, 0.0800118, 0.996777, 0.00578752, -0.309064, 0.0303279, -0.950558, 1.81014, 2.1931, 0.808177)

[node name="Cube_021" parent="Armature/Skeleton3D/Cube_021" index="0"]
surface_material_override/0 = ExtResource("2_4j50x")

[node name="Icosphere_003" parent="Armature/Skeleton3D" index="21"]
transform = Transform3D(0.975953, 0.074267, 0.204939, -0.0663984, 0.996777, -0.0450181, -0.207622, 0.0303279, 0.977739, 1.31237, 2.22159, 0.645754)

[node name="Icosphere_003" parent="Armature/Skeleton3D/Icosphere_003" index="0"]
surface_material_override/0 = ExtResource("2_4j50x")

[node name="Cube_012" parent="Armature/Skeleton3D" index="22"]
transform = Transform3D(-0.896095, 2.6094e-08, 0.443862, -5.96046e-08, 1, -1.03316e-07, -0.443862, -1.11161e-07, -0.896095, 0.970983, 2.21929, 0.480956)

[node name="Cube_012" parent="Armature/Skeleton3D/Cube_012" index="0"]
surface_material_override/0 = ExtResource("2_4j50x")

[node name="Cube_020" parent="Armature/Skeleton3D" index="23"]
transform = Transform3D(-0.896095, 2.6094e-08, 0.443862, -5.96046e-08, 1, -1.03316e-07, -0.443862, -1.11161e-07, -0.896095, 1.07251, 2.22058, 0.531247)

[node name="Cube_020" parent="Armature/Skeleton3D/Cube_020" index="0"]
surface_material_override/0 = ExtResource("2_4j50x")

[node name="Circle_002" parent="Armature/Skeleton3D" index="24"]
transform = Transform3D(1, -1.19209e-07, -2.08616e-07, 5.96046e-08, 1, 1.19209e-07, 2.38419e-07, -8.9407e-08, 1, -0.522936, 3.91971, 0.563502)

[node name="Circle_002" parent="Armature/Skeleton3D/Circle_002" index="0"]
surface_material_override/0 = ExtResource("2_4j50x")

[node name="Cube_039" parent="Armature/Skeleton3D" index="25"]
transform = Transform3D(0.941125, -0.053676, -0.333771, 0.223519, 0.839509, 0.495242, 0.253621, -0.540689, 0.80208, -0.268818, 4.12186, 0.760118)

[node name="Cube_039" parent="Armature/Skeleton3D/Cube_039" index="0"]
surface_material_override/0 = ExtResource("2_4j50x")

[node name="Cube_040" parent="Armature/Skeleton3D" index="26"]
transform = Transform3D(-0.803562, 0.446175, -0.393975, -0.539935, -0.824977, 0.166982, -0.250518, 0.346901, 0.903825, -0.522511, 3.60959, 0.952384)

[node name="Cube_040" parent="Armature/Skeleton3D/Cube_040" index="0"]
surface_material_override/0 = ExtResource("2_4j50x")

[node name="Cube_041" parent="Armature/Skeleton3D" index="27"]
transform = Transform3D(-0.94221, -0.288344, -0.170583, 0.201605, -0.894646, 0.398703, -0.267575, 0.341272, 0.901076, -0.166815, 3.82132, 0.927167)

[node name="Cube_041" parent="Armature/Skeleton3D/Cube_041" index="0"]
surface_material_override/0 = ExtResource("2_4j50x")

[node name="Circle_003" parent="Armature/Skeleton3D" index="28"]
transform = Transform3D(1, 5.96046e-08, -2.98023e-08, -8.9407e-08, 1, 1.19209e-07, -8.9407e-08, -5.96046e-08, 1, 0.522936, 3.91971, 0.563502)

[node name="Circle_003" parent="Armature/Skeleton3D/Circle_003" index="0"]
surface_material_override/0 = ExtResource("2_4j50x")

[node name="Cube_042" parent="Armature/Skeleton3D" index="29"]
transform = Transform3D(0.744834, 0.653066, 0.136851, -0.633858, 0.628448, 0.450864, 0.20844, -0.422563, 0.882039, 0.175994, 3.81572, 0.906927)

[node name="Cube_042" parent="Armature/Skeleton3D/Cube_042" index="0"]
surface_material_override/0 = ExtResource("2_4j50x")

[node name="Cube_043" parent="Armature/Skeleton3D" index="30"]
transform = Transform3D(0.941125, -0.053676, -0.333771, 0.223519, 0.839509, 0.495242, 0.253621, -0.540689, 0.80208, 0.270259, 4.12624, 0.761598)

[node name="Cube_043" parent="Armature/Skeleton3D/Cube_043" index="0"]
surface_material_override/0 = ExtResource("2_4j50x")

[node name="Cube_044" parent="Armature/Skeleton3D" index="31"]
transform = Transform3D(-0.803562, 0.446175, -0.393975, -0.539935, -0.824978, 0.166982, -0.250517, 0.346901, 0.903826, 0.522704, 3.60779, 0.956881)

[node name="Cube_044" parent="Armature/Skeleton3D/Cube_044" index="0"]
surface_material_override/0 = ExtResource("2_4j50x")

[node name="Circle" parent="Armature/Skeleton3D" index="32"]
transform = Transform3D(1, 0, 0, 0, 1, 0, 0, 0, 1, 0, 2.86311, 0)

[node name="Circle" parent="Armature/Skeleton3D/Circle" index="0"]
surface_material_override/0 = ExtResource("2_4j50x")

[node name="Circle_004" parent="Armature/Skeleton3D" index="33"]
transform = Transform3D(1, 0, 0, 0, 1, 0, 0, 0, 1, 0, 2.13875, 0)

[node name="Circle_004" parent="Armature/Skeleton3D/Circle_004" index="0"]
surface_material_override/0 = ExtResource("2_4j50x")

[node name="Cube_007" parent="Armature/Skeleton3D" index="34"]
transform = Transform3D(1, 0, 0, 0, 1, 0, 0, 0, 1, 0, 3.61261, 0)

[node name="Cube_007" parent="Armature/Skeleton3D/Cube_007" index="0"]
surface_material_override/0 = ExtResource("2_4j50x")

[node name="Cube_025" parent="Armature/Skeleton3D" index="35"]
transform = Transform3D(0.980322, 0.0887694, 0.176321, -0.056794, 0.982254, -0.178751, -0.18906, 0.16522, 0.967966, 0.133537, 2.45055, 1.20372)

[node name="Cube_025" parent="Armature/Skeleton3D/Cube_025" index="0"]
surface_material_override/0 = ExtResource("2_4j50x")

[node name="Cube_026" parent="Armature/Skeleton3D" index="36"]
transform = Transform3D(0.847363, 0.142105, 0.511647, -0.056794, 0.982254, -0.178751, -0.527968, 0.122409, 0.840396, 0.407056, 2.41716, 1.05271)

[node name="Cube_026" parent="Armature/Skeleton3D/Cube_026" index="0"]
surface_material_override/0 = ExtResource("2_4j50x")

[node name="Cube_027" parent="Armature/Skeleton3D" index="37"]
transform = Transform3D(0.820499, 0.0907644, 0.564396, -3.72529e-09, 0.987315, -0.158777, -0.571648, 0.130276, 0.810091, 0.343606, 2.06057, 1.02206)

[node name="Cube_027" parent="Armature/Skeleton3D/Cube_027" index="0"]
surface_material_override/0 = ExtResource("2_4j50x")

[node name="Cube_028" parent="Armature/Skeleton3D" index="38"]
transform = Transform3D(-0.599364, -0.739391, -0.306698, 0.800441, -0.550021, -0.238267, 0.00748177, -0.388302, 0.921502, -0.17741, 2.47411, 1.20586)

[node name="Cube_028" parent="Armature/Skeleton3D/Cube_028" index="0"]
surface_material_override/0 = ExtResource("2_4j50x")

[node name="Cube_029" parent="Armature/Skeleton3D" index="39"]
transform = Transform3D(0.941125, -0.0536761, -0.333771, 0, 0.987314, -0.158777, 0.33806, 0.149429, 0.929186, -0.389939, 2.05448, 1.02206)

[node name="Cube_029" parent="Armature/Skeleton3D/Cube_029" index="0"]
surface_material_override/0 = ExtResource("2_4j50x")

[node name="Cube_030" parent="Armature/Skeleton3D" index="40"]
transform = Transform3D(-0.508075, -0.716911, -0.477387, 0.856445, -0.479349, -0.191643, -0.0914443, -0.506225, 0.85754, -0.465214, 2.42538, 1.04766)

[node name="Cube_030" parent="Armature/Skeleton3D/Cube_030" index="0"]
surface_material_override/0 = ExtResource("2_4j50x")

[node name="Cube_031" parent="Armature/Skeleton3D" index="41"]
transform = Transform3D(0.980322, 0.0887694, 0.176321, -0.056794, 0.982254, -0.178751, -0.18906, 0.16522, 0.967966, 0.19141, 2.91729, 1.31434)

[node name="Cube_031" parent="Armature/Skeleton3D/Cube_031" index="0"]
surface_material_override/0 = ExtResource("2_4j50x")

[node name="Cube_032" parent="Armature/Skeleton3D" index="42"]
transform = Transform3D(0.847363, 0.142105, 0.511647, -0.056794, 0.982254, -0.178751, -0.527968, 0.122409, 0.840396, 0.452653, 2.87513, 1.14423)

[node name="Cube_032" parent="Armature/Skeleton3D/Cube_032" index="0"]
surface_material_override/0 = ExtResource("2_4j50x")

[node name="Cube_033" parent="Armature/Skeleton3D" index="43"]
transform = Transform3D(-0.599364, -0.739391, -0.306698, 0.800441, -0.550021, -0.238267, 0.00748177, -0.388302, 0.921502, -0.17741, 2.93208, 1.30194)

[node name="Cube_033" parent="Armature/Skeleton3D/Cube_033" index="0"]
surface_material_override/0 = ExtResource("2_4j50x")

[node name="Cube_034" parent="Armature/Skeleton3D" index="44"]
transform = Transform3D(-0.508075, -0.716911, -0.477387, 0.856445, -0.479349, -0.191643, -0.0914443, -0.506225, 0.85754, -0.530101, 2.88334, 1.13917)

[node name="Cube_034" parent="Armature/Skeleton3D/Cube_034" index="0"]
surface_material_override/0 = ExtResource("2_4j50x")

[node name="Cube_035" parent="Armature/Skeleton3D" index="45"]
transform = Transform3D(1, 0, 0, 0, 0.987314, -0.158777, 0, 0.158777, 0.987314, 0.00138609, 2.06666, 1.16211)

[node name="Cube_035" parent="Armature/Skeleton3D/Cube_035" index="0"]
surface_material_override/0 = ExtResource("2_4j50x")

[node name="Cube_036" parent="Armature/Skeleton3D" index="46"]
transform = Transform3D(1, 0, 0, 0, 0.987314, -0.158777, 0, 0.158777, 0.987314, 0.00138609, 1.70301, 1.05908)

[node name="Cube_036" parent="Armature/Skeleton3D/Cube_036" index="0"]
surface_material_override/0 = ExtResource("2_4j50x")

[node name="Cube_037" parent="Armature/Skeleton3D" index="47"]
transform = Transform3D(0.820499, 0.0907644, 0.564396, -3.72529e-09, 0.987315, -0.158777, -0.571648, 0.130276, 0.810091, 0.299763, 1.69692, 0.919024)

[node name="Cube_037" parent="Armature/Skeleton3D/Cube_037" index="0"]
surface_material_override/0 = ExtResource("2_4j50x")

[node name="Cube_038" parent="Armature/Skeleton3D" index="48"]
transform = Transform3D(0.941125, -0.0536761, -0.333771, 0, 0.987314, -0.158777, 0.33806, 0.149429, 0.929186, -0.296991, 1.69083, 0.919024)

[node name="Cube_038" parent="Armature/Skeleton3D/Cube_038" index="0"]
surface_material_override/0 = ExtResource("2_4j50x")

[node name="Circle_005" parent="Armature/Skeleton3D" index="49"]
transform = Transform3D(1, 0, 0, 0, 1, 0, 0, 0, 1, 0.522936, 3.91971, 0.563502)

[node name="Circle_005" parent="Armature/Skeleton3D/Circle_005" index="0"]
surface_material_override/0 = ExtResource("2_4j50x")

[node name="Circle_007" parent="Armature/Skeleton3D" index="50"]
transform = Transform3D(1, 0, 0, 0, 1, 0, 0, 0, 1, -0.0334578, 2.3433, 0.998315)

[node name="Circle_007" parent="Armature/Skeleton3D/Circle_007" index="0"]
surface_material_override/0 = ExtResource("2_4j50x")

[node name="Cube" parent="Armature/Skeleton3D" index="51"]
transform = Transform3D(0.5, 0, 0.866025, 0, 1, 0, -0.866025, 0, 0.5, 0.543666, 1.09202, 0.313885)

[node name="Cube" parent="Armature/Skeleton3D/Cube" index="0"]
surface_material_override/0 = ExtResource("2_4j50x")

[node name="Cube_002" parent="Armature/Skeleton3D" index="52"]
transform = Transform3D(0.5, 0, 0.866025, 0, 1, 0, -0.866025, 0, 0.5, 0.544922, 1.09904, 0.306718)

[node name="Cube_002" parent="Armature/Skeleton3D/Cube_002" index="0"]
surface_material_override/0 = ExtResource("2_4j50x")

[node name="Cube_016" parent="Armature/Skeleton3D" index="53"]
transform = Transform3D(0.5, 0, -0.866025, 0, 1, 0, 0.866025, 0, 0.5, -0.543666, 1.09202, 0.313886)

[node name="Cube_016" parent="Armature/Skeleton3D/Cube_016" index="0"]
surface_material_override/0 = ExtResource("2_4j50x")

[node name="Cube_017" parent="Armature/Skeleton3D" index="54"]
transform = Transform3D(0.5, 0, -0.866025, 0, 1, 0, 0.866025, 0, 0.5, -0.538087, 1.09904, 0.318558)

[node name="Cube_017" parent="Armature/Skeleton3D/Cube_017" index="0"]
surface_material_override/0 = ExtResource("2_4j50x")

[node name="Cube_018" parent="Armature/Skeleton3D" index="55"]
transform = Transform3D(-1, 0, 3.25841e-07, 0, 1, 0, -3.25841e-07, 0, -1, -5.96046e-08, 1.09202, -0.627771)

[node name="Cube_018" parent="Armature/Skeleton3D/Cube_018" index="0"]
surface_material_override/0 = ExtResource("2_4j50x")

[node name="Cube_019" parent="Armature/Skeleton3D" index="56"]
transform = Transform3D(-1, 0, 3.25841e-07, 0, 1, 0, -3.25841e-07, 0, -1, -0.00683528, 1.09904, -0.625276)

[node name="Cube_019" parent="Armature/Skeleton3D/Cube_019" index="0"]
surface_material_override/0 = ExtResource("2_4j50x")

[node name="Circle_001" parent="Armature/Skeleton3D" index="57"]
transform = Transform3D(0.493428, 0.861888, -0.116952, -0.685642, 0.302697, -0.662019, -0.535185, 0.406846, 0.740306, 1.3522, 3.66319, 2.67802)

[node name="Circle_001" parent="Armature/Skeleton3D/Circle_001" index="0"]
surface_material_override/0 = ExtResource("2_4j50x")

[node name="Circle_006" parent="Armature/Skeleton3D" index="58"]
transform = Transform3D(0.493428, 0.861888, -0.116952, -0.685642, 0.302697, -0.662019, -0.535185, 0.406846, 0.740306, 1.35426, 3.66246, 2.66486)

[node name="Circle_006" parent="Armature/Skeleton3D/Circle_006" index="0"]
surface_material_override/0 = ExtResource("2_4j50x")

[node name="Cube_023" parent="Armature/Skeleton3D" index="59"]
transform = Transform3D(0.493428, 0.861888, -0.116952, -0.685642, 0.302697, -0.662019, -0.535185, 0.406846, 0.740306, 1.80866, 3.03171, 2.1726)

[node name="Cube_023" parent="Armature/Skeleton3D/Cube_023" index="0"]
surface_material_override/0 = ExtResource("2_4j50x")

[node name="Circle_008" parent="Armature/Skeleton3D" index="60"]
transform = Transform3D(0.493428, 0.861888, -0.116952, -0.685642, 0.302697, -0.662019, -0.535185, 0.406846, 0.740306, 1.36798, 3.66874, 2.68547)

[node name="Circle_008" parent="Armature/Skeleton3D/Circle_008" index="0"]
surface_material_override/0 = ExtResource("2_4j50x")

[node name="Circle_009" parent="Armature/Skeleton3D" index="61"]
transform = Transform3D(0.493428, 0.861888, -0.116952, -0.685642, 0.302697, -0.662019, -0.535185, 0.406846, 0.740306, 1.45829, 3.70045, 2.7281)

[node name="Circle_009" parent="Armature/Skeleton3D/Circle_009" index="0"]
surface_material_override/0 = ExtResource("2_4j50x")

[node name="Circle_010" parent="Armature/Skeleton3D" index="62"]
transform = Transform3D(0.493428, 0.861888, -0.116952, -0.685642, 0.302697, -0.662019, -0.535185, 0.406846, 0.740306, 1.25093, 3.62763, 2.63022)

[node name="Circle_010" parent="Armature/Skeleton3D/Circle_010" index="0"]
surface_material_override/0 = ExtResource("2_4j50x")

[node name="Icosphere_005" parent="Armature/Skeleton3D" index="63"]
transform = Transform3D(0.0269519, 0.988227, 0.150606, 0.304646, -0.151614, 0.940321, 0.952084, 0.020538, -0.305146, 2.09191, 2.63329, 1.86106)

[node name="Icosphere_005" parent="Armature/Skeleton3D/Icosphere_005" index="0"]
surface_material_override/0 = ExtResource("2_4j50x")

[node name="Cube_005" parent="Armature/Skeleton3D" index="64"]
transform = Transform3D(0.499997, -0.00573448, 0.866008, 0.00107927, 0.999981, 0.00599855, -0.866026, -0.00206453, 0.499994, 1.48462, 0.000788478, 0.855347)

[node name="Cube_005" parent="Armature/Skeleton3D/Cube_005" index="0"]
surface_material_override/0 = ExtResource("2_4j50x")

[node name="Cylinder_002" parent="Armature/Skeleton3D" index="65"]
transform = Transform3D(-0.355228, 0.499997, 0.78982, -0.911748, 0.00107936, -0.410749, -0.206226, -0.866026, 0.455488, 1.43171, -0.00237181, 0.824794)

[node name="Cylinder_002" parent="Armature/Skeleton3D/Cylinder_002" index="0"]
surface_material_override/0 = ExtResource("2_4j50x")

[node name="Cube_010" parent="Armature/Skeleton3D" index="66"]
transform = Transform3D(0.502471, -0.00956096, -0.864541, 0.0227849, 0.999738, 0.00218643, 0.864294, -0.0207971, 0.502557, -1.48435, 0.00114851, 0.855811)

[node name="Cube_010" parent="Armature/Skeleton3D/Cube_010" index="0"]
surface_material_override/0 = ExtResource("2_4j50x")

[node name="Cylinder_005" parent="Armature/Skeleton3D" index="67"]
transform = Transform3D(0.367895, 0.502471, -0.782417, -0.910273, 0.0227852, -0.413381, -0.189884, 0.864294, 0.465768, -1.43149, -0.00182729, 0.825156)

[node name="Cylinder_005" parent="Armature/Skeleton3D/Cylinder_005" index="0"]
surface_material_override/0 = ExtResource("2_4j50x")

[node name="Cube_015" parent="Armature/Skeleton3D" index="68"]
transform = Transform3D(-0.999237, 0.0390599, 0.000116558, 0.0390599, 0.999219, 0.00601088, 0.000118318, 0.0060109, -0.999982, 0.000100392, 0.00234492, -1.71339)

[node name="Cube_015" parent="Armature/Skeleton3D/Cube_015" index="0"]
surface_material_override/0 = ExtResource("2_4j50x")

[node name="Cylinder_008" parent="Armature/Skeleton3D" index="69"]
transform = Transform3D(-0.0355648, -0.999237, -0.0161516, -0.911053, 0.0390603, -0.410433, 0.410751, 0.000118097, -0.911747, -1.59342e-05, -0.000813041, -1.65229)

[node name="Cylinder_008" parent="Armature/Skeleton3D/Cylinder_008" index="0"]
surface_material_override/0 = ExtResource("2_4j50x")
